33	45	-1	1.1330038	0.0166613
33	45	1	1.0153668	0.0095535
33	46	-1	0.9721740	0.0088101
33	46	1	0.9910310	0.0059510
33	47	-1	0.9736615	0.0065183
33	47	1	0.9555770	0.0051326
33	48	-1	0.9828283	0.0055171
33	48	1	1.0248487	0.0050289
33	49	-1	1.0009713	0.0053618
33	49	1	0.9848064	0.0050836
33	50	-1	0.9730055	0.0049712
33	50	1	1.0510865	0.0047827
33	51	-1	0.9683212	0.0048042
33	51	1	1.0589907	0.0046363
33	52	-1	0.9936488	0.0051701
33	52	1	1.0040604	0.0051809
33	53	-1	0.9791547	0.0054625
33	53	1	1.0097133	0.0048912
33	54	-1	0.9492365	0.0058364
33	54	1	0.9433364	0.0050718
33	55	-1	1.0375942	0.0068142
33	55	1	1.0577285	0.0064042
33	56	-1	1.0132818	0.0120842
33	56	1	1.0018711	0.0084676
34	43	-1	1.0793487	0.0107733
34	43	1	0.9879210	0.0079683
34	44	-1	0.9366520	0.0064747
34	44	1	0.9202628	0.0059019
34	45	-1	1.1307907	0.0058516
34	45	1	0.9551426	0.0051162
34	46	-1	0.9667610	0.0048862
34	46	1	1.0381579	0.0049894
34	47	-1	1.0050852	0.0047414
34	47	1	0.9902868	0.0048558
34	48	-1	0.9451154	0.0047091
34	48	1	0.9955070	0.0049105
34	49	-1	0.9453281	0.0046071
34	49	1	1.0821043	0.0057262
34	50	-1	0.9604815	0.0047076
34	50	1	1.0038052	0.0049614
34	51	-1	0.9619225	0.0045021
34	51	1	0.9750829	0.0046300
34	52	-1	0.9570937	0.0046240
34	52	1	0.9290547	0.0046653
34	53	-1	0.9635301	0.0046851
34	53	1	0.9302362	0.0043698
34	54	-1	0.9190522	0.0046041
34	54	1	0.9204029	0.0044970
34	55	-1	1.0281529	0.0048160
34	55	1	1.0934732	0.0050209
34	56	-1	0.9797861	0.0050754
34	56	1	1.0331881	0.0055470
34	57	-1	0.9648787	0.0058225
34	57	1	1.0233531	0.0050944
34	58	-1	0.9512737	0.0072433
34	58	1	0.9531298	0.0056744
35	41	-1	1.0234679	0.0094173
35	41	1	0.9601464	0.0078234
35	42	-1	0.9950792	0.0063075
35	42	1	1.0198034	0.0056829
35	43	-1	1.0085044	0.0051148
35	43	1	0.9879784	0.0048911
35	44	-1	0.9387155	0.0049377
35	44	1	0.8769364	0.0047778
35	45	-1	0.9805735	0.0047574
35	45	1	1.0600351	0.0049905
35	46	-1	1.1149434	0.0048196
35	46	1	1.0760763	0.0053279
35	47	-1	0.9469593	0.0044012
35	47	1	1.0015508	0.0049624
35	48	-1	0.9621113	0.0045078
35	48	1	1.0410342	0.0047964
35	49	-1	0.9277143	0.0047411
35	49	1	0.9873083	0.0045754
35	50	-1	0.9719803	0.0048692
35	50	1	1.0189114	0.0046314
35	51	-1	0.9625265	0.0047656
35	51	1	0.9501434	0.0051283
35	52	-1	0.9150678	0.0043303
35	52	1	0.9334446	0.0050796
35	53	-1	0.9821751	0.0044517
35	53	1	0.9804251	0.0044936
35	54	-1	0.9418896	0.0045270
35	54	1	0.9247216	0.0046152
35	55	-1	0.9976182	0.0044767
35	55	1	1.1092463	0.0053253
35	56	-1	0.9612963	0.0046408
35	56	1	1.0165006	0.0047618
35	57	-1	0.8953636	0.0046954
35	57	1	0.9568376	0.0046888
35	58	-1	1.0088820	0.0047694
35	58	1	1.0638318	0.0043348
35	59	-1	0.9504275	0.0049301
35	59	1	1.0573517	0.0049554
35	60	-1	1.0473872	0.0077451
35	60	1	1.0262566	0.0066192
36	40	-1	1.0084990	0.0078578
36	40	1	1.0031286	0.0057979
36	41	-1	0.9889280	0.0044769
36	41	1	0.9988334	0.0045165
36	42	-1	0.9374353	0.0044802
36	42	1	0.9318038	0.0043690
36	43	-1	0.9690315	0.0046275
36	43	1	0.9473133	0.0044502
36	44	-1	0.8660182	0.0047881
36	44	1	0.8569163	0.0050118
36	45	-1	0.9123977	0.0046399
36	45	1	0.9137070	0.0052363
36	46	-1	0.9388517	0.0045675
36	46	1	1.0076778	0.0046751
36	47	-1	0.9051766	0.0043571
36	47	1	0.9968621	0.0048961
36	48	-1	0.9141608	0.0049157
36	48	1	1.0231533	0.0047101
36	49	-1	0.8825531	0.0049347
36	49	1	0.9632208	0.0045973
36	50	-1	0.9155529	0.0052701
36	50	1	0.9827850	0.0053985
36	51	-1	0.9020541	0.0052233
36	51	1	1.0084654	0.0053864
36	52	-1	0.8787676	0.0046365
36	52	1	0.9994780	0.0060598
36	53	-1	0.9322206	0.0043921
36	53	1	1.0241215	0.0050928
36	54	-1	0.8842970	0.0042686
36	54	1	0.9764445	0.0046793
36	55	-1	0.9253246	0.0045961
36	55	1	0.9819732	0.0045488
36	56	-1	0.9188889	0.0045444
36	56	1	0.9506622	0.0043993
36	57	-1	0.8554213	0.0044739
36	57	1	0.9303630	0.0042102
36	58	-1	0.9683949	0.0044617
36	58	1	1.0191056	0.0041001
36	59	-1	0.9443606	0.0042996
36	59	1	0.9453623	0.0044269
36	60	-1	1.0192313	0.0045967
36	60	1	1.0488638	0.0049935
36	61	-1	0.9642359	0.0054195
36	61	1	1.0091952	0.0052184
37	38	-1	0.9950258	0.0161386
37	38	1	0.9969076	0.0132889
37	39	-1	0.9597101	0.0059298
37	39	1	0.9686422	0.0055204
37	40	-1	1.1029539	0.0046185
37	40	1	1.0874143	0.0046353
37	41	-1	1.0397249	0.0044607
37	41	1	0.9837492	0.0043254
37	42	-1	0.8866160	0.0040579
37	42	1	0.8700002	0.0044406
37	43	-1	0.9234548	0.0044406
37	43	1	0.9292276	0.0044521
37	44	-1	0.8776829	0.0044398
37	44	1	0.9409016	0.0053480
37	45	-1	0.9292504	0.0043947
37	45	1	0.9445505	0.0051031
37	46	-1	0.9426859	0.0044787
37	46	1	0.9972332	0.0047425
37	47	-1	0.9159583	0.0041600
37	47	1	0.9572736	0.0044960
37	48	-1	0.9175538	0.0045788
37	48	1	0.9883607	0.0047047
37	49	-1	0.8779597	0.0048174
37	49	1	0.9146667	0.0049646
37	50	-1	0.9256421	0.0048707
37	50	1	0.9346758	0.0071697
37	51	-1	0.9365505	0.0052479
37	51	1	0.9488773	0.0054587
37	52	-1	0.8437134	0.0048158
37	52	1	0.9034255	0.0052611
37	53	-1	0.9186761	0.0043031
37	53	1	0.9839919	0.0050335
37	54	-1	0.9003719	0.0042199
37	54	1	0.9595957	0.0046356
37	55	-1	0.9666247	0.0043910
37	55	1	1.0019581	0.0047500
37	56	-1	0.9207772	0.0046731
37	56	1	1.0250088	0.0048933
37	57	-1	0.8830595	0.0044119
37	57	1	0.9869021	0.0044060
37	58	-1	0.9518732	0.0043526
37	58	1	0.9703397	0.0042897
37	59	-1	0.8813781	0.0042145
37	59	1	0.9299217	0.0041432
37	60	-1	1.0574249	0.0044538
37	60	1	0.9831318	0.0043375
37	61	-1	1.0827849	0.0050523
37	61	1	1.0922452	0.0042493
37	62	-1	1.0063242	0.0051615
37	62	1	1.0491269	0.0053544
37	63	-1	0.9605746	0.0098897
37	63	1	0.9860160	0.0075057
38	37	-1	0.9855412	0.0166828
38	37	1	0.9833978	0.0153015
38	38	-1	1.0133597	0.0055858
38	38	1	1.0250853	0.0055603
38	39	-1	0.9359438	0.0041922
38	39	1	0.9259628	0.0043742
38	40	-1	1.2045325	0.0044998
38	40	1	1.1172132	0.0047966
38	41	-1	0.9541354	0.0041321
38	41	1	0.9881840	0.0042942
38	42	-1	0.9632529	0.0043801
38	42	1	1.0099138	0.0045063
38	43	-1	0.8964142	0.0040032
38	43	1	0.9789758	0.0042204
38	44	-1	0.9347013	0.0040720
38	44	1	0.9967797	0.0046296
38	45	-1	0.9244161	0.0044707
38	45	1	0.9367286	0.0059730
38	46	-1	0.9449575	0.0042951
38	46	1	0.9771126	0.0056580
38	47	-1	0.9510884	0.0044256
38	47	1	0.9723300	0.0054768
38	48	-1	0.9458172	0.0046390
38	48	1	0.9616337	0.0049618
38	49	-1	0.8523242	0.0051808
38	49	1	0.8923655	0.0054983
38	50	-1	0.8774354	0.0054537
38	50	1	0.9225817	0.0066086
38	51	-1	0.8439128	0.0059946
38	51	1	0.8934345	0.0054704
38	52	-1	0.7989975	0.0047782
38	52	1	0.8353932	0.0055300
38	53	-1	0.8831027	0.0045491
38	53	1	0.9511041	0.0053348
38	54	-1	0.9247445	0.0044258
38	54	1	0.9482037	0.0048888
38	55	-1	0.9357858	0.0045885
38	55	1	1.0103670	0.0047802
38	56	-1	0.9525518	0.0043727
38	56	1	1.0245689	0.0044445
38	57	-1	0.9684642	0.0042248
38	57	1	1.0689529	0.0050087
38	58	-1	0.9047049	0.0044770
38	58	1	0.9889034	0.0047687
38	59	-1	0.9836322	0.0041030
38	59	1	1.0230598	0.0044843
38	60	-1	0.9875971	0.0040353
38	60	1	1.0127681	0.0045152
38	61	-1	1.0152344	0.0045286
38	61	1	1.0720079	0.0042482
38	62	-1	0.9346630	0.0042786
38	62	1	0.9521755	0.0042604
38	63	-1	1.0540603	0.0051264
38	63	1	1.0509423	0.0045066
38	64	-1	0.9962499	0.0088019
38	64	1	1.0036494	0.0076200
39	37	-1	0.9954472	0.0056616
39	37	1	0.9797246	0.0056610
39	38	-1	0.9200525	0.0041425
39	38	1	0.9303799	0.0043035
39	39	-1	0.9718801	0.0043251
39	39	1	1.0115986	0.0044596
39	40	-1	0.9998823	0.0042109
39	40	1	1.0192683	0.0044341
39	41	-1	0.9520416	0.0041957
39	41	1	0.9702396	0.0041461
39	42	-1	0.9414624	0.0043292
39	42	1	1.0405523	0.0042692
39	43	-1	0.9016311	0.0041406
39	43	1	0.9771624	0.0040577
39	44	-1	0.9684371	0.0047009
39	44	1	0.9519188	0.0042222
39	45	-1	0.9425732	0.0048365
39	45	1	0.9875255	0.0053945
39	46	-1	1.0127279	0.0052024
39	46	1	1.2447736	0.0266878
39	47	-1	0.9903209	0.0050190
39	47	1	1.0931545	0.0116725
39	48	-1	1.0648319	0.0061489
39	48	1	1.0363917	0.0068838
39	49	-1	0.9271519	0.0131692
39	49	1	0.9780658	0.0072903
39	50	-1	0.9375054	0.0096049
39	50	1	0.9976869	0.0079923
39	51	-1	1.0401156	0.0063415
39	51	1	0.9917367	0.0076282
39	52	-1	0.9597482	0.0047175
39	52	1	0.9487998	0.0064525
39	53	-1	1.0613440	0.0054151
39	53	1	1.0874568	0.0051058
39	54	-1	0.9969316	0.0055580
39	54	1	1.0574945	0.0057217
39	55	-1	1.0052510	0.0053455
39	55	1	1.0818467	0.0054564
39	56	-1	0.9551634	0.0041761
39	56	1	1.0320096	0.0046972
39	57	-1	0.9841325	0.0050807
39	57	1	1.0323000	0.0049954
39	58	-1	0.9568552	0.0046665
39	58	1	1.0079601	0.0072833
39	59	-1	0.9815095	0.0042998
39	59	1	1.0711155	0.0057699
39	60	-1	0.9613522	0.0041730
39	60	1	1.0484444	0.0045740
39	61	-1	0.9939153	0.0048552
39	61	1	1.0508981	0.0040057
39	62	-1	1.1351064	0.0045645
39	62	1	1.1350696	0.0048282
39	63	-1	0.9726434	0.0044733
39	63	1	0.9741688	0.0043751
39	64	-1	1.0320064	0.0047649
39	64	1	1.0270621	0.0046978
40	36	-1	0.9996784	0.0068962
40	36	1	0.9663141	0.0066343
40	37	-1	1.0226738	0.0044811
40	37	1	1.0059354	0.0042194
40	38	-1	1.0304184	0.0043910
40	38	1	1.0236903	0.0042874
40	39	-1	0.9883993	0.0042683
40	39	1	1.0251681	0.0043775
40	40	-1	0.9982370	0.0043580
40	40	1	1.0187794	0.0044293
40	41	-1	1.0248102	0.0044326
40	41	1	1.0812963	0.0044669
40	42	-1	0.9717649	0.0044409
40	42	1	1.0178602	0.0049032
40	43	-1	0.9791514	0.0049850
40	43	1	1.0165899	0.0057270
40	44	-1	0.9847739	0.0062885
40	44	1	1.0451055	0.0052122
40	45	-1	1.0437378	0.0056732
40	45	1	1.1162701	0.0048694
40	56	-1	1.1109203	0.0052888
40	56	1	1.1358225	0.0054180
40	57	-1	1.0101880	0.0049817
40	57	1	1.0733564	0.0056515
40	58	-1	0.9901103	0.0068867
40	58	1	1.0729203	0.0060144
40	59	-1	1.0443008	0.0047566
40	59	1	1.1032060	0.0053332
40	60	-1	1.0192586	0.0045983
40	60	1	1.1383814	0.0065379
40	61	-1	0.9967849	0.0047838
40	61	1	1.0920706	0.0049935
40	62	-1	1.0216973	0.0042709
40	62	1	1.0573834	0.0048696
40	63	-1	1.0396081	0.0042962
40	63	1	1.1684542	0.0055555
40	64	-1	1.0678384	0.0046127
40	64	1	1.1251745	0.0047477
40	65	-1	1.0101610	0.0050491
40	65	1	1.0331424	0.0048259
41	35	-1	0.9960487	0.0122576
41	35	1	0.9981285	0.0099158
41	36	-1	0.9709332	0.0047650
41	36	1	1.0364404	0.0048799
41	37	-1	0.9898037	0.0043039
41	37	1	1.0085850	0.0042710
41	38	-1	0.9629787	0.0042666
41	38	1	0.9545829	0.0043036
41	39	-1	0.9129159	0.0045974
41	39	1	0.9741016	0.0048053
41	40	-1	0.9961330	0.0046692
41	40	1	1.0673722	0.0063569
41	41	-1	1.0484307	0.0055061
41	41	1	1.1013331	0.0067935
41	42	-1	1.0420496	0.0049775
41	42	1	1.0373063	0.0069277
41	43	-1	1.1551229	0.0062975
41	43	1	1.1393299	0.0178070
41	58	-1	1.1919141	0.0060259
41	58	1	1.1737332	0.0139725
41	59	-1	1.0641806	0.0054462
41	60	-1	1.2482188	0.0095855
41	61	-1	1.0201247	0.0042958
41	61	1	1.1343498	0.0053424
41	62	-1	0.9450157	0.0041939
41	62	1	1.0123497	0.0047824
41	63	-1	0.9969907	0.0043188
41	63	1	1.0078731	0.0044575
41	64	-1	1.0208726	0.0044289
41	64	1	1.0239903	0.0044968
41	65	-1	1.0015936	0.0046226
41	65	1	1.0680161	0.0047274
41	66	-1	1.0015143	0.0059395
41	66	1	1.0836064	0.0065113
42	35	-1	0.9154151	0.0056175
42	35	1	1.0051905	0.0055271
42	36	-1	0.9021444	0.0046277
42	36	1	0.9229297	0.0043527
42	37	-1	0.8897058	0.0042379
42	37	1	0.8952655	0.0041990
42	38	-1	0.9779809	0.0042260
42	38	1	0.9846819	0.0049048
42	39	-1	0.9477290	0.0051171
42	39	1	1.0088609	0.0050563
42	40	-1	0.9396191	0.0041366
42	40	1	1.0025836	0.0050239
42	41	-1	1.0655869	0.0050104
42	41	1	1.0639302	0.0053215
42	42	-1	1.1650193	0.0060667
42	42	1	1.1315802	0.0063794
42	59	-1	1.2197852	0.0086176
42	59	1	1.1691821	0.0072752
42	60	-1	1.1217358	0.0056433
42	60	1	1.1430788	0.0059301
42	61	-1	0.9946412	0.0044927
42	61	1	1.0446984	0.0050140
42	62	-1	0.9850538	0.0045764
42	62	1	1.0457472	0.0056469
42	63	-1	1.0006177	0.0044217
42	63	1	1.0159252	0.0043714
42	64	-1	0.9044725	0.0040326
42	64	1	0.9391006	0.0042100
42	65	-1	0.9447051	0.0043622
42	65	1	0.9475294	0.0042881
42	66	-1	1.0143617	0.0048775
42	66	1	1.1067816	0.0051120
43	34	-1	1.0241244	0.0109212
43	34	1	0.9861864	0.0101818
43	35	-1	0.9126245	0.0044391
43	35	1	1.0238686	0.0045900
43	36	-1	0.8918530	0.0041115
43	36	1	0.9927229	0.0045064
43	37	-1	0.9158592	0.0043220
43	37	1	0.9592151	0.0047187
43	38	-1	0.8964755	0.0041740
43	38	1	0.9996897	0.0051859
43	39	-1	0.8909789	0.0042843
43	39	1	0.9434841	0.0051463
43	40	-1	0.9423770	0.0040223
43	40	1	0.9858597	0.0054203
43	41	-1	1.1593516	0.0054638
43	41	1	1.1402738	0.0061047
43	60	-1	1.1265353	0.0054687
43	60	1	1.1722747	0.0067304
43	61	-1	0.9765847	0.0049610
43	61	1	1.0243233	0.0052090
43	62	-1	0.9366239	0.0068961
43	62	1	0.9825455	0.0045999
43	63	-1	0.9658039	0.0053813
43	63	1	0.9837360	0.0045226
43	64	-1	0.9343020	0.0042850
43	64	1	0.9798658	0.0044246
43	65	-1	1.0321954	0.0046700
43	65	1	1.0729840	0.0051029
43	66	-1	1.0232641	0.0044088
43	66	1	1.4175661	0.0083536
43	67	-1	1.0236847	0.0059117
43	67	1	1.0842400	0.0066462
44	34	-1	0.9100792	0.0065194
44	34	1	0.9844341	0.0063308
44	35	-1	0.8600745	0.0048810
44	35	1	0.9184646	0.0045316
44	36	-1	0.8123646	0.0046348
44	36	1	0.8844025	0.0042828
44	37	-1	0.8524565	0.0042777
44	37	1	0.9147979	0.0044684
44	38	-1	0.9085813	0.0039900
44	38	1	0.9709132	0.0048562
44	39	-1	0.8567000	0.0043162
44	39	1	0.9277806	0.0050233
44	40	-1	0.9960212	0.0045314
44	40	1	1.0190293	0.0053383
44	61	-1	1.0368592	0.0053304
44	61	1	1.0548674	0.0057209
44	62	-1	0.9327165	0.0068905
44	62	1	0.9809894	0.0055370
44	63	-1	0.9905766	0.0051511
44	63	1	1.0534245	0.0056718
44	64	-1	0.9152510	0.0045488
44	64	1	0.9280211	0.0044803
44	65	-1	0.9011588	0.0044412
44	65	1	0.8912306	0.0044217
44	66	-1	0.9437955	0.0042755
44	66	1	0.9330277	0.0049721
44	67	-1	1.0193919	0.0049734
44	67	1	0.9991370	0.0050262
45	33	-1	0.9787636	0.0174863
45	33	1	0.9822239	0.0181775
45	34	-1	1.0748438	0.0056120
45	34	1	1.0035017	0.0051970
45	35	-1	0.9085188	0.0047903
45	35	1	0.9604564	0.0046936
45	36	-1	0.8743313	0.0043067
45	36	1	0.9827948	0.0047887
45	37	-1	0.8958871	0.0043868
45	37	1	0.9772228	0.0046483
45	38	-1	0.9049137	0.0040725
45	38	1	1.0027729	0.0046206
45	39	-1	0.9131468	0.0044156
45	39	1	0.9917748	0.0047444
45	40	-1	1.0968827	0.0055467
45	40	1	1.0422542	0.0054410
45	61	-1	1.0194197	0.0058850
45	61	1	1.1155372	0.0058692
45	62	-1	0.9664022	0.0049211
45	62	1	1.0118660	0.0053174
45	63	-1	0.9665367	0.0044693
45	63	1	1.0003610	0.0052446
45	64	-1	1.0131335	0.0041496
45	64	1	1.0131607	0.0047784
45	65	-1	0.9818615	0.0044009
45	65	1	0.9935998	0.0044721
45	66	-1	1.1202803	0.0040981
45	66	1	1.0098227	0.0047448
45	67	-1	1.0615581	0.0047030
45	67	1	1.0848427	0.0047072
45	68	-1	0.9694060	0.0083070
45	68	1	0.9892635	0.0076742
46	33	-1	0.9914049	0.0093576
46	33	1	0.9548817	0.0107793
46	34	-1	0.9938598	0.0047650
46	34	1	1.0080414	0.0052031
46	35	-1	1.0039527	0.0045228
46	35	1	1.0479274	0.0047184
46	36	-1	0.9328281	0.0047202
46	36	1	0.9770959	0.0047941
46	37	-1	0.9131647	0.0045514
46	37	1	0.9737306	0.0048249
46	38	-1	0.8787910	0.0045790
46	38	1	0.9441876	0.0051073
46	39	-1	0.9389582	0.0045912
46	39	1	1.0096637	0.0080806
46	62	-1	1.0478517	0.0064209
46	62	1	1.0835830	0.0067965
46	63	-1	1.0105646	0.0048485
46	63	1	1.0428076	0.0050023
46	64	-1	1.0256255	0.0047254
46	64	1	1.0216218	0.0043729
46	65	-1	1.0109825	0.0043974
46	65	1	1.0194881	0.0044945
46	66	-1	1.1947516	0.0050847
46	66	1	1.0990169	0.0046236
46	67	-1	1.4895486	0.0130386
46	67	1	1.0197942	0.0047220
46	68	-1	1.1039865	0.0072066
46	68	1	0.9756628	0.0056561
47	33	-1	0.9900907	0.0068175
47	33	1	0.9214633	0.0075453
47	34	-1	0.8682648	0.0045892
47	34	1	0.8341332	0.0047487
47	35	-1	0.8747949	0.0039476
47	35	1	0.8834866	0.0045878
47	36	-1	0.8690057	0.0045883
47	36	1	0.8917158	0.0052711
47	37	-1	0.8915111	0.0045460
47	37	1	0.8884487	0.0052378
47	38	-1	0.8700494	0.0041374
47	38	1	0.8947376	0.0055179
47	39	-1	1.0166676	0.0044959
47	39	1	0.9980880	0.0082690
47	62	-1	1.0834620	0.0048291
47	62	1	1.0869882	0.0059759
47	63	-1	0.9127662	0.0049599
47	63	1	0.9973522	0.0050516
47	64	-1	0.9319277	0.0043783
47	64	1	0.9675478	0.0042119
47	65	-1	0.9146053	0.0043747
47	65	1	0.9500507	0.0045409
47	66	-1	0.9516401	0.0044473
47	66	1	0.9126543	0.0043237
47	67	-1	0.9385529	0.0049806
47	67	1	0.8921645	0.0044517
47	68	-1	0.9797327	0.0054181
47	68	1	1.0221252	0.0052017
48	33	-1	0.9419235	0.0061656
48	33	1	0.9521165	0.0072583
48	34	-1	0.8694224	0.0043853
48	34	1	0.8559838	0.0046141
48	35	-1	1.0773752	0.0046621
48	35	1	0.8920465	0.0044835
48	36	-1	0.8255622	0.0051368
48	36	1	0.8500504	0.0053944
48	37	-1	0.8566620	0.0053990
48	37	1	0.8099325	0.0054348
48	38	-1	0.7903486	0.0047194
48	38	1	0.8159135	0.0063130
48	39	-1	0.9561560	0.0055919
48	39	1	0.9381593	0.0062924
48	62	-1	1.0768545	0.0050680
48	62	1	1.0335035	0.0053487
48	63	-1	0.8904787	0.0049048
48	63	1	0.8986105	0.0051397
48	64	-1	0.8871572	0.0050488
48	64	1	0.8856038	0.0045095
48	65	-1	0.8989709	0.0047440
48	65	1	0.9238450	0.0045008
48	66	-1	0.9367595	0.0048098
48	66	1	0.9478995	0.0043455
48	67	-1	0.9445425	0.0048356
48	67	1	0.9316465	0.0043709
48	68	-1	0.9594532	0.0047163
48	68	1	1.0239389	0.0049193
49	33	-1	0.9580974	0.0055986
49	33	1	0.8908895	0.0058297
49	34	-1	0.9482523	0.0046859
49	34	1	0.8705006	0.0047142
49	35	-1	0.8922620	0.0046346
49	35	1	0.9096549	0.0043265
49	36	-1	0.8546810	0.0047704
49	36	1	0.8821949	0.0045398
49	37	-1	0.8547822	0.0048024
49	37	1	0.8321703	0.0048646
49	38	-1	0.8005423	0.0048298
49	38	1	0.8358455	0.0060624
49	39	-1	0.9544268	0.0067360
49	39	1	0.9585258	0.0059147
49	62	-1	1.0458187	0.0060744
49	62	1	1.0315837	0.0047403
49	63	-1	0.8534689	0.0052721
49	63	1	0.8947973	0.0052306
49	64	-1	0.8786690	0.0052882
49	64	1	0.9167821	0.0047273
49	65	-1	0.9059193	0.0049448
49	65	1	0.9693825	0.0047929
49	66	-1	0.9661632	0.0047112
49	66	1	0.9533094	0.0042833
49	67	-1	0.9373688	0.0050880
49	67	1	0.9016246	0.0043426
49	68	-1	1.0003616	0.0049935
49	68	1	1.0433830	0.0047115
50	33	-1	0.9495421	0.0061040
50	33	1	0.9520723	0.0058798
50	34	-1	0.9162608	0.0045225
50	34	1	0.9147861	0.0045836
50	35	-1	0.9408101	0.0045365
50	35	1	0.9779267	0.0050771
50	36	-1	0.9140144	0.0048012
50	36	1	0.9730783	0.0055208
50	37	-1	0.8833797	0.0051435
50	37	1	0.8989069	0.0055110
50	38	-1	0.8728179	0.0048773
50	38	1	0.8662804	0.0056725
50	39	-1	1.0495979	0.0052211
50	39	1	0.9845036	0.0055958
50	62	-1	1.0969055	0.0068087
50	62	1	1.1234772	0.0050323
50	63	-1	0.9455910	0.0060360
50	63	1	0.9726892	0.0059295
50	64	-1	0.9115098	0.0064009
50	64	1	1.0069709	0.0057937
50	65	-1	0.9672792	0.0055059
50	65	1	1.0303688	0.0061932
50	66	-1	1.0025005	0.0047389
50	66	1	1.0641944	0.0051406
50	67	-1	0.9848643	0.0047150
50	67	1	1.0069094	0.0048217
50	68	-1	1.0150424	0.0055149
50	68	1	1.0227571	0.0050630
51	33	-1	0.9661280	0.0058323
51	33	1	0.9292845	0.0059744
51	34	-1	0.9530138	0.0047230
51	34	1	0.8463848	0.0045444
51	35	-1	0.9097525	0.0050452
51	35	1	0.9322456	0.0047026
51	36	-1	0.8806911	0.0048106
51	36	1	0.9262547	0.0050515
51	37	-1	0.8642480	0.0058519
51	37	1	0.8778909	0.0054028
51	38	-1	0.8411732	0.0049855
51	38	1	0.8613994	0.0061137
51	39	-1	1.0418751	0.0047495
51	39	1	0.9477656	0.0064493
51	62	-1	1.0955763	0.0083536
51	62	1	1.0805905	0.0053008
51	63	-1	0.8351148	0.0054715
51	63	1	0.9299821	0.0052627
51	64	-1	0.9214874	0.0060794
51	64	1	0.8812148	0.0055848
51	65	-1	0.9615856	0.0055409
51	65	1	1.0167639	0.0058044
51	66	-1	1.0278155	0.0048908
51	66	1	1.0361739	0.0051011
51	67	-1	0.9911273	0.0047245
51	67	1	1.0928462	0.0058892
51	68	-1	1.0052338	0.0051417
51	68	1	0.9975091	0.0051580
52	33	-1	0.9582473	0.0061604
52	33	1	0.9214725	0.0065429
52	34	-1	0.9476382	0.0046148
52	34	1	0.8996177	0.0056304
52	35	-1	0.8974682	0.0045988
52	35	1	0.8846070	0.0048244
52	36	-1	0.8427549	0.0049115
52	36	1	0.8825373	0.0053577
52	37	-1	0.8095908	0.0082739
52	37	1	0.8275048	0.0054763
52	38	-1	0.7984563	0.0048942
52	38	1	0.7843367	0.0061008
52	39	-1	0.9941388	0.0052572
52	39	1	0.9368162	0.0060168
52	62	-1	1.0487155	0.0058778
52	62	1	1.0406399	0.0048954
52	63	-1	0.8533196	0.0051305
52	63	1	0.8983204	0.0055515
52	64	-1	0.8823411	0.0062045
52	64	1	0.8684266	0.0055346
52	65	-1	0.9341953	0.0053144
52	65	1	0.9101269	0.0052944
52	66	-1	0.9598445	0.0045321
52	66	1	0.9188298	0.0050259
52	67	-1	0.9764134	0.0045349
52	67	1	0.9089743	0.0049103
52	68	-1	0.9899372	0.0049140
52	68	1	1.0097476	0.0048943
53	33	-1	0.9607689	0.0065795
53	33	1	0.9112683	0.0081763
53	34	-1	0.9054372	0.0046518
53	34	1	0.8574096	0.0068254
53	35	-1	0.9331785	0.0051855
53	35	1	0.8672402	0.0054628
53	36	-1	0.8153575	0.0053277
53	36	1	0.8708025	0.0053341
53	37	-1	0.8264161	0.0062031
53	37	1	0.8240909	0.0049893
53	38	-1	0.7949542	0.0046233
53	38	1	0.8521670	0.0061986
53	39	-1	1.0129768	0.0057568
53	39	1	0.9604995	0.0055808
53	62	-1	1.0404707	0.0055410
53	62	1	1.0547225	0.0058680
53	63	-1	0.8701552	0.0063839
53	63	1	0.9005620	0.0069750
53	64	-1	0.7958458	0.0095947
53	64	1	0.8880007	0.0069220
53	65	-1	0.9091752	0.0056317
53	65	1	0.9117604	0.0050645
53	66	-1	0.9535477	0.0046888
53	66	1	0.9428955	0.0046612
53	67	-1	0.9528704	0.0045328
53	67	1	0.9275372	0.0046663
53	68	-1	1.0848725	0.0048036
53	68	1	0.9964452	0.0050462
54	33	-1	0.9919416	0.0081388
54	33	1	0.9548247	0.0106119
54	34	-1	1.0319813	0.0048453
54	34	1	0.8483196	0.0058744
54	35	-1	0.8966669	0.0049647
54	35	1	0.8879535	0.0050476
54	36	-1	0.8887571	0.0061034
54	36	1	0.9114804	0.0047188
54	37	-1	0.8839898	0.0050410
54	37	1	0.9062440	0.0044945
54	38	-1	0.8543627	0.0045725
54	38	1	0.9109842	0.0053208
54	39	-1	1.0062228	0.0053322
54	39	1	1.0176015	0.0053771
54	62	-1	1.0914122	0.0059814
54	62	1	1.0985320	0.0063715
54	63	-1	0.9418963	0.0067073
54	63	1	0.9843643	0.0064939
54	64	-1	0.9394577	0.0064937
54	64	1	0.9788207	0.0052071
54	65	-1	0.8717072	0.0048872
54	65	1	0.9913135	0.0044839
54	66	-1	0.9521309	0.0045252
54	66	1	0.9590973	0.0043349
54	67	-1	0.9404353	0.0041922
54	67	1	0.9413244	0.0049810
54	68	-1	1.0203613	0.0048451
54	68	1	0.9833122	0.0053460
55	33	-1	0.9878713	0.0103595
55	33	1	0.9683689	0.0167418
55	34	-1	1.0226431	0.0046270
55	34	1	0.9938036	0.0056467
55	35	-1	0.9138489	0.0045601
55	35	1	1.0145881	0.0048609
55	36	-1	1.2501643	0.0079111
55	36	1	0.9143734	0.0045119
55	37	-1	0.9562227	0.0052570
55	37	1	0.9472454	0.0044332
55	38	-1	0.9724114	0.0048989
55	38	1	0.9157428	0.0048365
55	39	-1	1.0196977	0.0058045
55	39	1	0.9953458	0.0060592
55	62	-1	1.0777247	0.0063860
55	62	1	1.0745385	0.0068426
55	63	-1	0.9698933	0.0069222
55	63	1	0.9916205	0.0066726
55	64	-1	0.9801952	0.0054670
55	64	1	1.0364778	0.0056576
55	65	-1	1.0074247	0.0048338
55	65	1	1.0047396	0.0051632
55	66	-1	1.1417749	0.0046746
55	66	1	1.1325040	0.0052637
55	67	-1	1.0463536	0.0046109
55	67	1	1.1177361	0.0061593
55	68	-1	1.0102671	0.0054328
55	68	1	0.9992738	0.0060217
56	33	-1	0.9709092	0.0178249
56	33	1	0.9406550	0.0274073
56	34	-1	0.9827925	0.0052041
56	34	1	0.9940020	0.0066150
56	35	-1	1.0100442	0.0055761
56	35	1	0.9522846	0.0050317
56	36	-1	0.9316613	0.0070473
56	36	1	0.8629929	0.0049971
56	37	-1	0.9349999	0.0070401
56	37	1	0.9050039	0.0048122
56	38	-1	0.9321386	0.0057931
56	38	1	0.8605912	0.0044302
56	39	-1	0.8932772	0.0057578
56	39	1	0.9057367	0.0061656
56	40	-1	1.0988847	0.0058335
56	40	1	0.9798652	0.0072024
56	61	-1	1.1037487	0.0068885
56	61	1	1.0857701	0.0063772
56	62	-1	0.8994421	0.0065367
56	62	1	0.9694757	0.0052899
56	63	-1	0.8981543	0.0055583
56	63	1	0.9704031	0.0052753
56	64	-1	0.8947420	0.0049934
56	64	1	0.9967504	0.0050832
56	65	-1	0.8949498	0.0049477
56	65	1	1.0020519	0.0050233
56	66	-1	1.0164263	0.0046659
56	66	1	1.1090310	0.0048678
56	67	-1	1.0251465	0.0044905
56	67	1	1.0597944	0.0052051
56	68	-1	1.0277826	0.0077696
56	68	1	1.0271059	0.0075551
57	34	-1	0.9728893	0.0070467
57	34	1	0.9267109	0.0086984
57	35	-1	0.9151606	0.0056346
57	35	1	0.8813601	0.0051985
57	36	-1	0.8458807	0.0078942
57	36	1	0.8757405	0.0056566
57	37	-1	0.8361971	0.0064705
57	37	1	0.8512490	0.0044282
57	38	-1	0.9356055	0.0053435
57	38	1	0.9262106	0.0044072
57	39	-1	0.9108524	0.0049438
57	39	1	0.9161394	0.0047613
57	40	-1	0.9756444	0.0054865
57	40	1	1.0051763	0.0059583
57	61	-1	0.9641782	0.0069581
57	61	1	1.0285634	0.0081353
57	62	-1	0.9160120	0.0058198
57	62	1	0.9897704	0.0056440
57	63	-1	0.8412818	0.0050579
57	63	1	1.0344785	0.0052835
57	64	-1	0.8526899	0.0045720
57	64	1	0.9144798	0.0051072
57	65	-1	0.8448844	0.0045010
57	65	1	0.8987282	0.0044532
57	66	-1	0.9118702	0.0048787
57	66	1	0.9517895	0.0042833
57	67	-1	0.9852483	0.0050127
57	67	1	1.0172708	0.0048482
58	34	-1	0.9855428	0.0120879
58	34	1	0.8863133	0.0160096
58	35	-1	0.9634371	0.0051511
58	35	1	1.0357088	0.0056836
58	36	-1	0.9833729	0.0052718
58	36	1	0.9801013	0.0047948
58	37	-1	0.9096482	0.0051529
58	37	1	0.9144965	0.0045109
58	38	-1	0.8869970	0.0045155
58	38	1	0.8682124	0.0046807
58	39	-1	0.9339904	0.0044398
58	39	1	0.8596208	0.0065094
58	40	-1	0.9207257	0.0048639
58	40	1	0.9823428	0.0068190
58	41	-1	1.1676176	0.0170927
58	60	-1	1.1759429	0.0127087
58	60	1	1.1264927	0.0065050
58	61	-1	0.9300329	0.0093187
58	61	1	1.0355786	0.0063722
58	62	-1	0.9157865	0.0065073
58	62	1	0.9835798	0.0050847
58	63	-1	0.8392639	0.0054461
58	63	1	0.9974657	0.0049222
58	64	-1	0.9145676	0.0047969
58	64	1	0.9312665	0.0049808
58	65	-1	1.0393896	0.0049402
58	65	1	1.0183253	0.0044125
58	66	-1	0.9728863	0.0046799
58	66	1	1.0118815	0.0043174
58	67	-1	1.0302559	0.0064839
58	67	1	0.9724910	0.0055448
59	35	-1	0.9688951	0.0062376
59	35	1	0.9451188	0.0070436
59	36	-1	0.9241045	0.0042027
59	36	1	0.9022577	0.0048323
59	37	-1	0.8818805	0.0042727
59	37	1	0.8604653	0.0043040
59	38	-1	0.9380645	0.0044061
59	38	1	0.9410260	0.0049690
59	39	-1	0.9231817	0.0045463
59	39	1	0.9724538	0.0056964
59	40	-1	0.9437780	0.0051434
59	40	1	1.0275915	0.0066625
59	41	-1	0.9964795	0.0120028
59	42	-1	1.1602371	0.0073775
59	59	-1	1.1890646	0.0084821
59	59	1	1.1905733	0.0079956
59	60	-1	1.0476948	0.0103406
59	60	1	1.0669054	0.0061062
59	61	-1	0.9150512	0.0102307
59	61	1	1.0043263	0.0070010
59	62	-1	0.9894733	0.0060168
59	62	1	1.0404608	0.0050011
59	63	-1	0.9689900	0.0059275
59	63	1	1.0259341	0.0047971
59	64	-1	0.8791665	0.0052081
59	64	1	0.9521541	0.0045319
59	65	-1	0.9120412	0.0047671
59	65	1	0.9322525	0.0044167
59	66	-1	1.0069537	0.0049778
59	66	1	1.0178852	0.0047403
60	35	-1	1.0595229	0.0118523
60	35	1	1.0250232	0.0172838
60	36	-1	0.9912215	0.0054203
60	36	1	0.9982494	0.0056186
60	37	-1	0.9876615	0.0050140
60	37	1	0.9565691	0.0043835
60	38	-1	0.9579951	0.0047140
60	38	1	0.9219521	0.0045415
60	39	-1	0.9267203	0.0061296
60	39	1	0.9079341	0.0053635
60	40	-1	1.0144447	0.0051948
60	40	1	1.0188930	0.0080327
60	41	-1	1.0536807	0.0066711
60	42	-1	1.0294709	0.0070098
60	43	-1	1.0471308	0.0193021
60	43	1	1.0550669	0.0062607
60	58	-1	1.1288062	0.0111180
60	58	1	1.1679935	0.0063213
60	59	-1	1.1083692	0.0080829
60	59	1	1.0286479	0.0073382
60	60	-1	1.1509155	0.0069813
60	60	1	1.0844749	0.0056518
60	61	-1	1.0004369	0.0060137
60	61	1	1.0966817	0.0054036
60	62	-1	0.9176880	0.0054685
60	62	1	0.9741748	0.0048578
60	63	-1	0.9152418	0.0085496
60	63	1	0.9981998	0.0045495
60	64	-1	0.9651655	0.0051394
60	64	1	1.0173290	0.0043207
60	65	-1	0.9775081	0.0049873
60	65	1	1.0786377	0.0044649
60	66	-1	1.0108666	0.0067879
60	66	1	1.0008111	0.0067968
61	36	-1	1.0766368	0.0111109
61	36	1	0.9983375	0.0090421
61	37	1	1.0529783	0.0048128
61	38	-1	1.0907909	0.0050716
61	38	1	1.0268004	0.0044215
61	39	-1	0.9480036	0.0045583
61	39	1	0.9831467	0.0045619
61	40	-1	0.9615912	0.0049790
61	40	1	0.9959228	0.0047031
61	41	-1	0.9980247	0.0064603
61	41	1	1.0237757	0.0051243
61	42	-1	0.9107891	0.0073504
61	42	1	1.0055615	0.0063840
61	43	-1	0.9654876	0.0061823
61	43	1	0.9296800	0.0076084
61	44	-1	0.9927757	0.0047080
61	44	1	0.9897891	0.0071327
61	45	-1	1.1103392	0.0055167
61	45	1	1.0218520	0.0078705
61	56	-1	1.1137512	0.0100659
61	56	1	1.0516814	0.0054133
61	57	-1	1.0304319	0.0068594
61	57	1	1.0603683	0.0051754
61	58	-1	1.0114741	0.0065655
61	58	1	1.0081373	0.0046396
61	59	-1	1.0311810	0.0064250
61	59	1	1.0250269	0.0045912
61	60	-1	1.1101310	0.0054719
61	60	1	1.0689541	0.0052191
61	61	-1	1.0261320	0.0045721
61	61	1	1.0176749	0.0046169
61	62	-1	1.0342093	0.0045784
61	62	1	1.0271116	0.0044414
61	63	-1	1.0912464	0.0051417
61	63	1	1.0670190	0.0044511
61	64	-1	1.0579169	0.0045454
61	64	1	1.1032833	0.0043392
61	65	-1	1.0236350	0.0053683
61	65	1	1.0461524	0.0051595
62	37	-1	1.0605780	0.0076762
62	37	1	1.0063325	0.0071432
62	38	-1	0.9288755	0.0044501
62	38	1	0.9274718	0.0040944
62	39	-1	0.9690063	0.0043580
62	39	1	0.9595453	0.0041687
62	40	-1	0.9520862	0.0042246
62	40	1	0.9690692	0.0042805
62	41	-1	0.9053917	0.0044632
62	41	1	0.9213609	0.0041133
62	42	-1	0.9623839	0.0046458
62	42	1	0.9980810	0.0044007
62	43	-1	0.9179108	0.0043241
62	43	1	0.9092992	0.0051913
62	44	-1	0.9259843	0.0044255
62	44	1	0.9201928	0.0059186
62	45	-1	0.9586778	0.0041700
62	45	1	0.9077687	0.0092117
62	46	-1	0.9709306	0.0054862
62	46	1	1.0046988	0.0068818
62	47	-1	0.9777168	0.0102633
62	47	1	1.0250927	0.0064505
62	48	-1	1.0773007	0.0088106
62	48	1	0.9896166	0.0066263
62	49	-1	0.9949463	0.0100973
62	49	1	0.9645059	0.0068420
62	50	-1	0.9334934	0.0115195
62	50	1	0.9663739	0.0072602
62	51	-1	1.0115584	0.0097554
62	51	1	1.0561881	0.0101790
62	52	-1	1.0057077	0.0063202
62	52	1	0.9250367	0.0129414
62	53	-1	1.0604669	0.0056286
62	53	1	1.0064429	0.0102659
62	54	-1	1.0206203	0.0048763
62	54	1	0.9276479	0.0089180
62	55	-1	1.0161722	0.0047314
62	55	1	1.0182533	0.0092638
62	56	-1	0.9750603	0.0050398
62	56	1	0.9398052	0.0063397
62	57	-1	0.9630178	0.0056479
62	57	1	0.9707619	0.0049387
62	58	-1	0.9478486	0.0054190
62	58	1	0.8641347	0.0047450
62	59	-1	1.0156832	0.0049093
62	59	1	1.0268438	0.0046829
62	60	-1	0.9886044	0.0046532
62	60	1	0.9719151	0.0052469
62	61	-1	1.0083216	0.0043652
62	61	1	1.0095294	0.0046243
62	62	-1	1.0481402	0.0041070
62	62	1	0.9975304	0.0043090
62	63	-1	0.9617176	0.0042353
62	63	1	0.9453340	0.0041101
62	64	-1	1.0163939	0.0046722
62	64	1	1.0248269	0.0044715
63	37	-1	0.9102311	0.0159769
63	37	1	0.9297770	0.0213018
63	38	-1	0.9920723	0.0052908
63	38	1	1.0464809	0.0071183
63	39	-1	0.9053354	0.0042439
63	39	1	0.9245207	0.0043745
63	40	-1	1.0087680	0.0041853
63	40	1	1.0798398	0.0045688
63	41	-1	0.9785351	0.0041306
63	41	1	0.9623987	0.0042977
63	42	-1	0.9443810	0.0042805
63	42	1	0.9534695	0.0041708
63	43	-1	0.8973922	0.0041792
63	43	1	0.9099419	0.0043722
63	44	-1	0.9207804	0.0043327
63	44	1	0.9260265	0.0051181
63	45	-1	0.9300959	0.0046560
63	45	1	0.9000334	0.0059603
63	46	-1	0.8984220	0.0045476
63	46	1	0.9498584	0.0051738
63	47	-1	0.9319170	0.0054044
63	47	1	0.9332187	0.0054421
63	48	-1	0.9177699	0.0065503
63	48	1	0.8991606	0.0065324
63	49	-1	0.8447050	0.0091214
63	49	1	0.8210402	0.0063470
63	50	-1	0.8873571	0.0077281
63	50	1	0.9134889	0.0062831
63	51	-1	0.8589743	0.0059605
63	51	1	0.8664616	0.0095001
63	52	-1	0.8405802	0.0050488
63	52	1	0.8271555	0.0061437
63	53	-1	0.9067008	0.0046319
63	53	1	0.9031726	0.0061749
63	54	-1	0.8957225	0.0046879
63	54	1	0.9039432	0.0061286
63	55	-1	0.9482884	0.0047376
63	55	1	0.9289453	0.0064387
63	56	-1	0.9427561	0.0046114
63	56	1	0.9294174	0.0054370
63	57	-1	0.9876606	0.0052884
63	57	1	0.9949759	0.0052972
63	58	-1	0.9579517	0.0055134
63	58	1	0.9086317	0.0050301
63	59	-1	1.0028087	0.0047432
63	59	1	0.9693376	0.0047987
63	60	-1	0.9787558	0.0044490
63	60	1	0.9776031	0.0051464
63	61	-1	1.0682441	0.0045675
63	61	1	1.0884813	0.0049365
63	62	-1	0.9908261	0.0047142
63	62	1	0.9723952	0.0048733
63	63	-1	1.0099571	0.0048075
63	63	1	1.0103194	0.0044991
63	64	-1	1.0256209	0.0084969
63	64	1	0.9823345	0.0089941
64	38	-1	1.0007632	0.0167402
64	38	1	0.9429852	0.0226138
64	39	-1	0.9497987	0.0058162
64	39	1	1.0202323	0.0069822
64	40	-1	1.0358809	0.0047388
64	40	1	1.0654244	0.0044304
64	41	-1	1.2950121	0.0063524
64	41	1	0.9872262	0.0045263
64	42	-1	0.8861161	0.0043953
64	42	1	0.9079126	0.0043309
64	43	-1	0.8976433	0.0042568
64	43	1	0.8870235	0.0047953
64	44	-1	0.8268406	0.0042288
64	44	1	0.8441519	0.0046196
64	45	-1	0.8878040	0.0046042
64	45	1	0.8811542	0.0051945
64	46	-1	0.9500450	0.0044368
64	46	1	0.9354271	0.0048483
64	47	-1	0.9009238	0.0041867
64	47	1	0.8584701	0.0047332
64	48	-1	0.9045985	0.0051512
64	48	1	0.8996411	0.0045297
64	49	-1	0.8721287	0.0057281
64	49	1	0.8689510	0.0050897
64	50	-1	0.9265713	0.0052222
64	50	1	0.9447140	0.0059371
64	51	-1	0.9247026	0.0061704
64	51	1	0.8829712	0.0081475
64	52	-1	0.8588891	0.0049843
64	52	1	0.8792186	0.0061957
64	53	-1	0.9258974	0.0045338
64	53	1	1.0107822	0.0062607
64	54	-1	0.8851346	0.0046625
64	54	1	0.8092780	0.0060211
64	55	-1	0.9410275	0.0047880
64	55	1	0.9526677	0.0058507
64	56	-1	0.9445442	0.0046899
64	56	1	0.9264437	0.0057804
64	57	-1	0.9028206	0.0050553
64	57	1	1.0275383	0.0068243
64	58	-1	0.9672440	0.0055871
64	58	1	0.8920000	0.0051855
64	59	-1	0.9308999	0.0048359
64	59	1	0.8967950	0.0051631
64	60	-1	1.0288961	0.0046634
64	60	1	1.0224223	0.0059149
64	61	-1	1.1285847	0.0052184
64	61	1	0.9993404	0.0047989
64	62	-1	0.0347702	1.0000000
64	62	1	0.9998453	0.0053657
64	63	-1	1.0771874	0.0116473
64	63	1	0.9871698	0.0092982
65	40	-1	0.9538087	0.0064783
65	40	1	0.9938480	0.0082599
65	41	-1	0.9831227	0.0048073
65	41	1	0.9914640	0.0053308
65	42	-1	0.8957325	0.0044113
65	42	1	0.9045200	0.0053494
65	43	-1	0.9207228	0.0045077
65	43	1	0.9393015	0.0049608
65	44	-1	0.8275738	0.0043859
65	44	1	0.8253219	0.0043393
65	45	-1	0.8810337	0.0045669
65	45	1	0.8910695	0.0047151
65	46	-1	0.9453819	0.0042099
65	46	1	0.9443949	0.0044595
65	47	-1	0.9093189	0.0044087
65	47	1	0.8960124	0.0047898
65	48	-1	0.9386013	0.0051067
65	48	1	0.9108170	0.0046388
65	49	-1	0.8870603	0.0053509
65	49	1	0.8937452	0.0045940
65	50	-1	0.9594894	0.0049720
65	50	1	0.9580241	0.0049983
65	51	-1	0.9213926	0.0049978
65	51	1	0.9163741	0.0057859
65	52	-1	0.8857413	0.0047996
65	52	1	0.9095172	0.0056304
65	53	-1	0.9551998	0.0045653
65	53	1	0.9683725	0.0059600
65	54	-1	0.8991988	0.0044447
65	54	1	0.8747187	0.0058649
65	55	-1	0.9538485	0.0047104
65	55	1	0.9359483	0.0061128
65	56	-1	0.9238827	0.0045998
65	56	1	0.8874933	0.0054000
65	57	-1	0.8797078	0.0044277
65	57	1	0.8345085	0.0049289
65	58	-1	1.0554981	0.0056291
65	58	1	0.9346669	0.0049928
65	59	-1	0.9351992	0.0047874
65	59	1	0.8937507	0.0051330
65	60	-1	1.0002573	0.0046049
65	60	1	0.9891003	0.0049678
65	61	-1	1.0415323	0.0055363
65	61	1	0.9513009	0.0056858
66	41	-1	0.9773243	0.0086047
66	41	1	0.9911405	0.0161389
66	42	-1	0.9355309	0.0055268
66	42	1	0.9774005	0.0078320
66	43	-1	0.9561772	0.0048567
66	43	1	0.9605185	0.0054728
66	44	-1	0.8341478	0.0046139
66	44	1	0.8860762	0.0045125
66	45	-1	0.9677855	0.0045533
66	45	1	0.9496764	0.0043026
66	46	-1	1.0254624	0.0042972
66	46	1	0.9749367	0.0043514
66	47	-1	0.9393296	0.0042454
66	47	1	0.9319054	0.0042502
66	48	-1	0.9454500	0.0049836
66	48	1	0.9413139	0.0047954
66	49	-1	0.9531494	0.0054748
66	49	1	0.9088648	0.0045612
66	50	-1	0.9817452	0.0047292
66	50	1	0.9167529	0.0045148
66	51	-1	0.9519307	0.0045659
66	51	1	0.9160620	0.0046413
66	52	-1	0.9494794	0.0044701
66	52	1	1.1703410	0.0062877
66	53	-1	0.9801534	0.0043414
66	53	1	0.9822121	0.0047215
66	54	-1	0.8916857	0.0044717
66	54	1	0.9563452	0.0053588
66	55	-1	1.0830026	0.0048562
66	55	1	1.3581661	0.0111718
66	56	-1	0.9962102	0.0043852
66	56	1	0.9694459	0.0052296
66	57	-1	0.9118974	0.0042458
66	57	1	0.9059829	0.0049920
66	58	-1	0.9941031	0.0045645
66	58	1	1.0287243	0.0055184
66	59	-1	0.9915891	0.0050743
66	59	1	0.9631115	0.0059163
66	60	-1	0.9807857	0.0062633
66	60	1	0.9888476	0.0092269
67	43	-1	0.9549232	0.0084369
67	43	1	0.9938375	0.0141425
67	44	-1	0.9042236	0.0061263
67	44	1	0.9051436	0.0073996
67	45	-1	0.9613015	0.0049413
67	45	1	0.9930070	0.0055544
67	46	-1	1.0069755	0.0044115
67	46	1	0.9665533	0.0045826
67	47	-1	0.9103173	0.0042677
67	47	1	0.9071957	0.0043034
67	48	-1	0.9175317	0.0043251
67	48	1	0.9034103	0.0050664
67	49	-1	0.9277114	0.0046771
67	49	1	0.8746545	0.0048781
67	50	-1	0.9915696	0.0043714
67	50	1	0.9316699	0.0047736
67	51	-1	0.9769372	0.0045491
67	51	1	0.9286288	0.0045167
67	52	-1	0.9566251	0.0045206
67	52	1	0.9664361	0.0045330
67	53	-1	0.9524074	0.0044431
67	53	1	0.9573648	0.0044372
67	54	-1	0.8771472	0.0045499
67	54	1	0.9163148	0.0045352
67	55	-1	1.0053220	0.0048643
67	55	1	0.9884190	0.0051936
67	56	-1	1.0131122	0.0048612
67	56	1	1.1165744	0.0056670
67	57	-1	0.9415792	0.0050298
67	57	1	0.9116741	0.0063480
67	58	-1	0.9530160	0.0062582
67	58	1	0.8776992	0.0100702
68	45	-1	1.0088829	0.0124735
68	45	1	0.9603528	0.0195829
68	46	-1	1.0084119	0.0075526
68	46	1	1.0065962	0.0102445
68	47	-1	0.9701930	0.0061877
68	47	1	0.9555402	0.0074948
68	48	-1	0.9631715	0.0051734
68	48	1	0.9356874	0.0073024
68	49	-1	0.9676459	0.0050107
68	49	1	1.0021806	0.0084603
68	50	-1	0.9826449	0.0046535
68	50	1	0.9786785	0.0063892
68	51	-1	0.9582254	0.0048139
68	51	1	0.9349407	0.0053711
68	52	-1	1.0185053	0.0052250
68	52	1	0.9472565	0.0056473
68	53	-1	0.9789996	0.0051597
68	53	1	0.9988751	0.0061035
68	54	-1	0.9967037	0.0057571
68	54	1	0.9580485	0.0067725
68	55	-1	1.0375810	0.0071401
68	55	1	0.9655033	0.0086486
68	56	-1	1.0151800	0.0099061
68	56	1	0.9916894	0.0155904
